0.959
0.956
0.958
0.955
0.957
0.958
0.956
0.956
0.956
0.96
0.955
0.958
0.956
0.957
0.955
0.955
0.959
0.957
0.958
0.96
0.957
0.957
0.958
0.956
0.958
0.954
0.959
0.958
0.96
0.956
0.956
0.95
0.954
0.958
0.953
0.958
0.953
0.957
0.956
0.958
0.955
0.958
0.96
0.96
0.953
0.96
0.961
0.954
0.951
0.957
0.957
0.956
0.957
0.958
0.958
0.957
0.956
0.959
0.956
0.958
0.955
0.959
0.956
0.956
0.954
0.955
0.959
0.952
0.958
0.954
0.955
0.955
0.955
0.958
0.952
0.953
0.958
0.957
0.958
0.959
0.957
0.956
0.954
0.958
0.961
0.961
0.955
0.956
0.957
0.952
0.956
0.958
0.956
0.958
0.96
0.956
0.959
0.952
0.958
0.955
0.957
0.955
0.958
0.959
0.956
0.955
0.957
0.959
0.954
0.954
0.956
0.956
0.954
0.963
0.956
0.954
0.959
0.954
0.958
0.961
0.961
0.955
0.96
0.955
0.96
0.958
0.953
0.963
0.952
0.958
0.957
0.954
0.952
0.96
0.956
0.952
0.958
0.957
0.957
0.96
0.957
0.956
0.959
0.951
0.959
0.96
0.961
0.956
0.959
0.957
0.952
0.957
0.956
0.957
0.956
0.953
0.958
0.96
0.956
0.959
0.954
0.953
0.955
0.956
0.956
0.96
0.954
0.955
0.961
0.959
0.959
0.958
0.958
0.96
0.957
0.959
0.954
0.956
0.959
0.956
0.961
0.956
0.959
0.958
0.96
0.954
0.958
0.958
0.96
0.952
0.954
0.958
0.952
0.959
0.959
0.958
0.959
0.957
0.96
0.959
