0.966
0.949
0.963
0.95
0.952
0.956
0.958
0.931
0.95
0.949
0.949
0.956
0.956
0.95
0.953
0.957
0.96
0.961
0.956
0.959
0.957
0.954
0.958
0.945
0.966
0.957
0.95
0.957
0.956
0.952
0.953
0.96
0.957
0.952
0.956
0.955
0.947
0.954
0.958
0.951
0.956
0.956
0.958
0.944
0.95
0.951
0.956
0.958
0.932
0.949
0.952
0.952
0.962
0.962
0.945
0.947
0.964
0.943
0.959
0.947
0.96
0.95
0.956
0.955
0.963
0.956
0.96
0.952
0.946
0.953
0.956
0.951
0.942
0.957
0.958
0.951
0.949
0.955
0.947
0.963
0.961
0.947
0.957
0.953
0.956
0.939
0.952
0.951
0.945
0.953
0.963
0.964
0.948
0.954
0.946
0.941
0.951
0.956
0.953
0.953
0.956
0.955
0.955
0.953
0.949
0.947
0.954
0.952
0.952
0.962
0.953
0.951
0.957
0.966
0.961
0.961
0.958
0.954
0.952
0.947
0.945
0.945
0.956
0.955
0.948
0.957
0.956
0.937
0.959
0.954
0.961
0.954
0.947
0.937
0.949
0.955
0.959
0.943
0.958
0.948
0.957
0.96
0.962
0.941
0.957
0.961
0.962
0.938
0.952
0.959
0.953
0.952
0.948
0.953
0.956
0.945
0.957
0.957
0.958
0.953
0.953
0.952
0.945
0.954
0.961
0.943
0.954
0.943
0.957
0.953
0.956
0.957
0.934
0.956
0.95
0.954
0.95
0.947
0.954
0.952
0.945
0.956
0.963
0.96
0.958
0.957
0.96
0.952
0.956
0.953
0.956
0.944
0.956
0.943
0.949
0.954
0.961
0.948
0.962
0.962
